
$GPGGA,043648.000,3213.0073,N,11052.7398,W,2,7,1.36,790.6,M,-27.6,M,0000,0000*60
$GPGSA,A,3,22,18,27,29,15,16,21,,,,,,2.30,1.36,1.86*0F
$GPGSV,2,1,08,18,67,284,35,21,62,346,42,51,52,173,46,15,50,073,37*77
$GPGSV,2,2,08,29,49,162,40,22,30,252,28,16,15,294,38,27,09,321,40*75
$GPRMC,043648.000,A,3213.0073,N,11052.7398,W,0.00,81.79,190714,,,D*4C
$GPGGA,043649.000,3213.0073,N,11052.7398,W,2,7,1.36,790.6,M,-27.6,M,0000,0000*61
$GPGSA,A,3,22,18,27,29,15,16,21,,,,,,2.30,1.36,1.86*0F
$GPGSV,2,1,08,18,67,284,35,21,62,346,42,51,52,173,46,15,50,073,37*77
$GPGSV,2,2,08,29,49,162,40,22,30,252,28,16,15,294,39,27,09,321,40*74
$GPRMC,043649.000,A,3213.0073,N,11052.7398,W,0.00,81.79,190714,,,D*4D
$GPGGA,043650.000,3213.0073,N,11052.7398,W,2,7,1.36,790.6,M,-27.6,M,0000,0000*69
$GPGSA,A,3,22,18,27,29,15,16,21,,,,,,2.30,1.36,1.86*0F
$GPGSV,2,1,08,18,67,284,35,21,62,346,42,51,52,173,46,15,50,073,37*77
$GPGSV,2,2,08,29,49,162,40,22,30,252,27,16,15,294,39,27,09,321,40*7B
$GPRMC,043650.000,A,3213.0073,N,11052.7398,W,0.00,81.79,190714,,,D*45
$GPGGA,043651.000,3213.0073,N,11052.7398,W,2,7,1.36,790.6,M,-27.6,M,0000,0000*68
$GPGSA,A,3,22,18,27,29,15,16,21,,,,,,2.30,1.36,1.86*0F
$GPGSV,2,1,08,18,67,284,34,21,62,346,42,51,52,173,46,15,50,073,37*76
$GPGSV,2,2,08,29,49,162,40,22,30,252,26,16,15,294,39,27,09,321,40*7A
$GPRMC,043651.000,A,3213.0073,N,11052.7398,W,0.00,81.79,190714,,,D*44




044059.000,A,3213.0073,N,11052.7398,W,0.00,81.79,190714,,,D*4D
$GPGGA,044100.000,3213.0073,N,11052.7398,W,2,7,1.22,790.6,M,-27.6,M,0000,0000*69
$GPGSA,A,3,22,18,15,29,16,21,27,,,,,,1.50,1.22,0.88*00
$GPGSV,2,1,07,18,67,288,20,21,63,349,18,15,49,070,19,29,47,162,19*77
$GPGSV,2,2,07,22,32,254,16,16,15,292,18,27,11,321,17*4B
$GPRMC,0
